0:	0000 0000 0000 0101 0000 1000 1001 0011 ADDI x17, x10, #0
4:	0000 0000 0000 0110 1000 0101 0001 0011 ADDI x10, x13, #0
8:	0000 0100 0000 1000 1000 0000 0110 0011 BEQ x17, x0, #64
c:	0000 0100 0000 0101 1000 0010 0110 0011 BEQ x11, x0, #68
10:	0000 0100 0000 0110 0000 0000 0110 0011 BEQ x12, x0, #64
14:	0000 0100 1101 0000 0101 0000 0110 0011 BGE x0, x13, #64
18:	0000 0000 0000 1000 1000 0111 1001 0011 ADDI x15, x17, #0
1c:	0000 0000 0010 0110 1001 0111 0001 0011 SLLI x14, x13, #2
20:	0000 0000 1110 1000 1000 1000 1011 0011 ADD x17, x17, x12
24:	0000 0000 0000 0111 1010 0111 0000 0011
28:	0000 0000 0000 0101 1010 1000 0000 0011
2c:	0000 0001 0000 0111 0000 0111 0011 0011
30:	0000 0000 1110 0110 0010 0000 0010 0011
34:	0000 0000 0100 0111 1000 0111 1001 0011
38:	0000 0000 0100 0101 1000 0101 1001 0011
3c:	0000 0000 0100 0110 0000 0110 0001 0011
40:	1111 1111 0001 0111 1001 0010 1110 0011
44:	0000 0000 0000 0000 1000 0000 0110 0111
48:	1111 1111 1111 0000 0000 0101 0001 0011
4c:	0000 0000 0000 0000 1000 0000 0110 0111
50:	1111 1111 1111 0000 0000 0101 0001 0011
54:	0000 0000 0000 0000 1000 0000 0110 0111
